# States
s0 s1 s2 s3 s4 s5 s6 s7 s8

# Observations
Corner Wall Free Goal

# Actions
North East South West Nothing

# Observations states list
Corner s0 s2 s6
Wall s1 s3 s5 s7
Free s4
Goal s8

# Observation actions list
Corner North East South West 
Wall North East South West
Free North East South West
Goal Nothing

# Transitions
# North
1 1 0 0   0 0   0 0   0 0   0 0   0 0   0 0   0 0
0 0   1 1   0 0   0 0   0 0   0 0   0 0   0 0   0 0   
0 0   0 0   1 1   0 0   0 0   0 0   0 0   0 0   0 0   
0.55 0.95   0.05 0.45   0 0   0 0   0 0   0 0   0 0   0 0   0 0   
0.05 0.45   0.45 0.85   0.05 0.45   0 0   0 0   0 0   0 0   0 0   0 0   
0 0   0.05 0.45   0.55 0.95   0 0   0 0   0 0   0 0   0 0   0 0   
0 0   0 0   0 0   0.55 0.95   0.05 0.45   0 0   0 0   0 0   0 0   
0 0   0 0   0 0   0.05 0.45   0.45 0.85   0.05 0.45   0 0   0 0   0 0   
0 0   0 0   0 0   0 0   0 0   0 0   0 0   0 0   0 0

# East
0 0  0.55 0.95  0 0  0 0  0.05 0.45  0 0  0 0  0 0  0 0 
0 0  0 0  0.55 0.95  0 0  0 0  0.05 0.45  0 0  0 0  0 0 
0 0  0 0  1 1  0 0  0 0  0 0  0 0  0 0  0 0 
0 0  0.05 0.45  0 0  0 0  0.45 0.85  0 0  0 0  0.05 0.45  0 0 
0 0  0 0  0.05 0.45  0 0  0 0  0.45 0.85  0 0  0 0  0.05 0.45 
0 0  0 0  0 0  0 0  0 0  1 1  0 0  0 0  0 0 
0 0  0 0  0 0  0 0  0.05 0.45  0 0  0 0  0.55 0.95  0 0 
0 0  0 0  0 0  0 0  0 0  0.05 0.45  0 0  0 0  0.55 0.95 
0 0  0 0  0 0  0 0  0 0  0 0  0 0  0 0  0 0

# South
0 0  0 0  0 0  0.55 0.95  0.05 0.45  0 0  0 0  0 0  0 0 
0 0  0 0  0 0  0.05 0.45  0.45 0.85  0.05 0.45  0 0  0 0  0 0 
0 0  0 0  0 0  0 0  0.05 0.45  0.55 0.95  0 0  0 0  0 0 
0 0  0 0  0 0  0 0  0 0  0 0  0.55 0.95  0.05 0.45  0 0 
0 0  0 0  0 0  0 0  0 0  0 0  0.05 0.45  0.45 0.85  0.05 0.45 
0 0  0 0  0 0  0 0  0 0  0 0  0 0  0.05 0.45  0.55 0.95 
0 0  0 0  0 0  0 0  0 0  0 0  1 1  0 0  0 0 
0 0  0 0  0 0  0 0  0 0  0 0  0 0  1 1  0 0 
0 0  0 0  0 0  0 0  0 0  0 0  0 0  0 0  0 0

# West 
1 1  0 0  0 0  0 0  0 0  0 0  0 0  0 0  0 0 
0.55 0.95  0 0  0 0  0.05 0.45  0 0  0 0  0 0  0 0  0 0 
0 0  0.55 0.95  0 0  0 0  0.05 0.45  0 0  0 0  0 0  0 0 
0 0  0 0  0 0  1 1  0 0  0 0  0 0  0 0  0 0 
0.05 0.45  0 0  0 0  0.45 0.85  0 0  0 0  0.05 0.45  0 0  0 0 
0 0  0.05 0.45  0 0  0 0  0.45 0.85  0 0  0 0  0.05 0.45  0 0 
0 0  0 0  0 0  0 0  0 0  0 0  1 1  0 0  0 0 
0 0  0 0  0 0  0.05 0.45  0 0  0 0  0.55 0.95  0 0  0 0 
0 0  0 0  0 0  0 0  0 0  0 0  0 0  0 0  0 0

# Nothing
0 0  0 0  0 0  0 0  0 0  0 0  0 0  0 0  0 0 
0 0  0 0  0 0  0 0  0 0  0 0  0 0  0 0  0 0 
0 0  0 0  0 0  0 0  0 0  0 0  0 0  0 0  0 0 
0 0  0 0  0 0  0 0  0 0  0 0  0 0  0 0  0 0 
0 0  0 0  0 0  0 0  0 0  0 0  0 0  0 0  0 0 
0 0  0 0  0 0  0 0  0 0  0 0  0 0  0 0  0 0 
0 0  0 0  0 0  0 0  0 0  0 0  0 0  0 0  0 0 
0 0  0 0  0 0  0 0  0 0  0 0  0 0  0 0  0 0 
0 0  0 0  0 0  0 0  0 0  0 0  0 0  0 0  1 1

# Initial belief
0.8 0.8  0 0  0.1 0.1  0 0  0 0  0 0  0.1 0.1  0 0  0 0

# Reward
0 0 0 0 0
0 0 0 0 0
0 0 0 0 0
0 0 0 0 0
0 0 0 0 0
0 0 0 0 0
0 0 0 0 0
0 0 0 0 0
0 0 0 0 1