# States
LoN RoN MoN LoL RoL MoL LoR RoR MoR LoM RoM MoM

# Observations
Nothing TigerLeft TigerRight TigerMiddle

# Actions
Left Right Middle Listen

# Observations states list
Nothing LoN RoN MoN
TigerLeft LoL RoL MoL
TigerRight LoR RoR MoR
TigerMiddle LoM RoM MoM

# Observation actions list
Nothing Left Right Middle Listen
TigerLeft Left Right Middle Listen
TigerRight Left Right Middle Listen
TigerMiddle Left Right Middle Listen

# Transitions
# Left
0.3 0.4  0.3 0.4  0.3 0.4  0 0  0 0  0 0  0 0  0 0  0 0  0 0  0 0  0 0
0.3 0.4  0.3 0.4  0.3 0.4  0 0  0 0  0 0  0 0  0 0  0 0  0 0  0 0  0 0
0.3 0.4  0.3 0.4  0.3 0.4  0 0  0 0  0 0  0 0  0 0  0 0  0 0  0 0  0 0
0.3 0.4  0.3 0.4  0.3 0.4  0 0  0 0  0 0  0 0  0 0  0 0  0 0  0 0  0 0
0.3 0.4  0.3 0.4  0.3 0.4  0 0  0 0  0 0  0 0  0 0  0 0  0 0  0 0  0 0
0.3 0.4  0.3 0.4  0.3 0.4  0 0  0 0  0 0  0 0  0 0  0 0  0 0  0 0  0 0
0.3 0.4  0.3 0.4  0.3 0.4  0 0  0 0  0 0  0 0  0 0  0 0  0 0  0 0  0 0
0.3 0.4  0.3 0.4  0.3 0.4  0 0  0 0  0 0  0 0  0 0  0 0  0 0  0 0  0 0
0.3 0.4  0.3 0.4  0.3 0.4  0 0  0 0  0 0  0 0  0 0  0 0  0 0  0 0  0 0
0.3 0.4  0.3 0.4  0.3 0.4  0 0  0 0  0 0  0 0  0 0  0 0  0 0  0 0  0 0
0.3 0.4  0.3 0.4  0.3 0.4  0 0  0 0  0 0  0 0  0 0  0 0  0 0  0 0  0 0
0.3 0.4  0.3 0.4  0.3 0.4  0 0  0 0  0 0  0 0  0 0  0 0  0 0  0 0  0 0

# Right
0.3 0.4  0.3 0.4  0.3 0.4  0 0  0 0  0 0  0 0  0 0  0 0  0 0  0 0  0 0
0.3 0.4  0.3 0.4  0.3 0.4  0 0  0 0  0 0  0 0  0 0  0 0  0 0  0 0  0 0
0.3 0.4  0.3 0.4  0.3 0.4  0 0  0 0  0 0  0 0  0 0  0 0  0 0  0 0  0 0
0.3 0.4  0.3 0.4  0.3 0.4  0 0  0 0  0 0  0 0  0 0  0 0  0 0  0 0  0 0
0.3 0.4  0.3 0.4  0.3 0.4  0 0  0 0  0 0  0 0  0 0  0 0  0 0  0 0  0 0
0.3 0.4  0.3 0.4  0.3 0.4  0 0  0 0  0 0  0 0  0 0  0 0  0 0  0 0  0 0
0.3 0.4  0.3 0.4  0.3 0.4  0 0  0 0  0 0  0 0  0 0  0 0  0 0  0 0  0 0
0.3 0.4  0.3 0.4  0.3 0.4  0 0  0 0  0 0  0 0  0 0  0 0  0 0  0 0  0 0
0.3 0.4  0.3 0.4  0.3 0.4  0 0  0 0  0 0  0 0  0 0  0 0  0 0  0 0  0 0
0.3 0.4  0.3 0.4  0.3 0.4  0 0  0 0  0 0  0 0  0 0  0 0  0 0  0 0  0 0
0.3 0.4  0.3 0.4  0.3 0.4  0 0  0 0  0 0  0 0  0 0  0 0  0 0  0 0  0 0
0.3 0.4  0.3 0.4  0.3 0.4  0 0  0 0  0 0  0 0  0 0  0 0  0 0  0 0  0 0

# Middle
0.3 0.4  0.3 0.4  0.3 0.4  0 0  0 0  0 0  0 0  0 0  0 0  0 0  0 0  0 0
0.3 0.4  0.3 0.4  0.3 0.4  0 0  0 0  0 0  0 0  0 0  0 0  0 0  0 0  0 0
0.3 0.4  0.3 0.4  0.3 0.4  0 0  0 0  0 0  0 0  0 0  0 0  0 0  0 0  0 0
0.3 0.4  0.3 0.4  0.3 0.4  0 0  0 0  0 0  0 0  0 0  0 0  0 0  0 0  0 0
0.3 0.4  0.3 0.4  0.3 0.4  0 0  0 0  0 0  0 0  0 0  0 0  0 0  0 0  0 0
0.3 0.4  0.3 0.4  0.3 0.4  0 0  0 0  0 0  0 0  0 0  0 0  0 0  0 0  0 0
0.3 0.4  0.3 0.4  0.3 0.4  0 0  0 0  0 0  0 0  0 0  0 0  0 0  0 0  0 0
0.3 0.4  0.3 0.4  0.3 0.4  0 0  0 0  0 0  0 0  0 0  0 0  0 0  0 0  0 0
0.3 0.4  0.3 0.4  0.3 0.4  0 0  0 0  0 0  0 0  0 0  0 0  0 0  0 0  0 0
0.3 0.4  0.3 0.4  0.3 0.4  0 0  0 0  0 0  0 0  0 0  0 0  0 0  0 0  0 0
0.3 0.4  0.3 0.4  0.3 0.4  0 0  0 0  0 0  0 0  0 0  0 0  0 0  0 0  0 0
0.3 0.4  0.3 0.4  0.3 0.4  0 0  0 0  0 0  0 0  0 0  0 0  0 0  0 0  0 0

# Listen
0 0  0 0  0 0  0.75 0.85  0 0  0 0  0.05 0.15  0 0  0 0  0.05 0.15  0 0  0 0
0 0  0 0  0 0  0 0  0.05 0.15  0 0  0 0  0.75 0.85  0 0  0 0  0.05 0.15  0 0
0 0  0 0  0 0  0 0  0 0  0.05 0.15  0 0  0 0  0.05 0.15  0 0  0 0  0.75 0.85
0 0  0 0  0 0  0.75 0.85  0 0  0 0  0.05 0.15  0 0  0 0  0.05 0.15  0 0  0 0
0 0  0 0  0 0  0 0  0.05 0.15  0 0  0 0  0.75 0.85  0 0  0 0  0.05 0.15  0 0
0 0  0 0  0 0  0 0  0 0  0.05 0.15  0 0  0 0  0.05 0.15  0 0  0 0  0.75 0.85
0 0  0 0  0 0  0.75 0.85  0 0  0 0  0.05 0.15  0 0  0 0  0.05 0.15  0 0  0 0
0 0  0 0  0 0  0 0  0.05 0.15  0 0  0 0  0.75 0.85  0 0  0 0  0.05 0.15  0 0
0 0  0 0  0 0  0 0  0 0  0.05 0.15  0 0  0 0  0.05 0.15  0 0  0 0  0.75 0.85
0 0  0 0  0 0  0.75 0.85  0 0  0 0  0.05 0.15  0 0  0 0  0.05 0.15  0 0  0 0
0 0  0 0  0 0  0 0  0.05 0.15  0 0  0 0  0.75 0.85  0 0  0 0  0.05 0.15  0 0
0 0  0 0  0 0  0 0  0 0  0.05 0.15  0 0  0 0  0.05 0.15  0 0  0 0  0.75 0.85

# Initial belief
0.3 0.4  0.3 0.4  0.3 0.4  0 0  0 0  0 0  0 0  0 0  0 0  0 0  0 0  0 0

# Reward
-100 10 10 -1
10 -100 10 -1
10 10 -100 -1
-100 10 10 -1
10 -100 10 -1
10 10 -100 -1
-100 10 10 -1
10 -100 10 -1
10 10 -100 -1
-100 10 10 -1
10 -100 10 -1
10 10 -100 -1