# States
s0 s1 s2 s3 s4 s5 s6 s7 s8 s9 s10 s11 s12 s13

# Observations
ESW NS EW NW NE N C

# Actions
North East South West Nothing

# Observations states list
ESW s11 s12
NS s1 s3
EW s5 s6 s7 s8 s9 s10
NW s0
NE s4
N s2
C s13

# Observation actions list
ESW North
NS East West
EW North South
NW East South
NE South West
N East South West
C Nothing

# Transitions
# North
0 0  0 0  0 0  0 0  0 0  0 0  0 0  0 0  0 0  0 0  0 0  0 0  0 0  0 0
0 0  0 0  0 0  0 0  0 0  0 0  0 0  0 0  0 0  0 0  0 0  0 0  0 0  0 0
0 0  0 0  0 0  0 0  0 0  0 0  0 0  0 0  0 0  0 0  0 0  0 0  0 0  0 0
0 0  0 0  0 0  0 0  0 0  0 0  0 0  0 0  0 0  0 0  0 0  0 0  0 0  0 0
0 0  0 0  0 0  0 0  0 0  0 0  0 0  0 0  0 0  0 0  0 0  0 0  0 0  0 0
0.85 0.95  0 0  0 0  0 0  0 0  0.05 0.15  0 0  0 0  0 0  0 0  0 0  0 0  0 0  0 0
0 0  0 0  0.85 0.95  0 0  0 0  0 0  0.05 0.15  0 0  0 0  0 0  0 0  0 0  0 0  0 0
0 0  0 0  0 0  0 0  0.85 0.95  0 0  0 0  0.05 0.15  0 0  0 0  0 0  0 0  0 0  0 0
0 0  0 0  0 0  0 0  0 0  0.85 0.95  0 0  0 0  0.05 0.15  0 0  0 0  0 0  0 0  0 0
0 0  0 0  0 0  0 0  0 0  0 0  0 0  0.85 0.95  0 0  0.05 0.15  0 0  0 0  0 0  0 0
0 0  0 0  0 0  0 0  0 0  0 0  0.85 0.95  0 0  0 0  0 0  0.05 0.15  0 0  0 0  0 0
0 0  0 0  0 0  0 0  0 0  0 0  0 0  0 0  0.85 0.95  0 0  0 0  0.05 0.15  0 0  0 0
0 0  0 0  0 0  0 0  0 0  0 0  0 0  0 0  0 0  0.85 0.95  0 0  0 0  0.05 0.15  0 0
0 0  0 0  0 0  0 0  0 0  0 0  0 0  0 0  0 0  0 0  0 0  0 0  0 0  0 0

# East
0.05 0.15  0.85 0.95  0 0  0 0  0 0  0 0  0 0  0 0  0 0  0 0  0 0  0 0  0 0  0 0
0 0  0.05 0.15  0.85 0.95  0 0  0 0  0 0  0 0  0 0  0 0  0 0  0 0  0 0  0 0  0 0
0 0  0 0  0.05 0.15  0.85 0.95  0 0  0 0  0 0  0 0  0 0  0 0  0 0  0 0  0 0  0 0
0 0  0 0  0 0  0.05 0.15  0.85 0.95  0 0  0 0  0 0  0 0  0 0  0 0  0 0  0 0  0 0
0 0  0 0  0 0  0 0  0 0  0 0  0 0  0 0  0 0  0 0  0 0  0 0  0 0  0 0
0 0  0 0  0 0  0 0  0 0  0 0  0 0  0 0  0 0  0 0  0 0  0 0  0 0  0 0
0 0  0 0  0 0  0 0  0 0  0 0  0 0  0 0  0 0  0 0  0 0  0 0  0 0  0 0
0 0  0 0  0 0  0 0  0 0  0 0  0 0  0 0  0 0  0 0  0 0  0 0  0 0  0 0
0 0  0 0  0 0  0 0  0 0  0 0  0 0  0 0  0 0  0 0  0 0  0 0  0 0  0 0
0 0  0 0  0 0  0 0  0 0  0 0  0 0  0 0  0 0  0 0  0 0  0 0  0 0  0 0
0 0  0 0  0 0  0 0  0 0  0 0  0 0  0 0  0 0  0 0  0 0  0 0  0 0  0 0
0 0  0 0  0 0  0 0  0 0  0 0  0 0  0 0  0 0  0 0  0 0  0 0  0 0  0 0
0 0  0 0  0 0  0 0  0 0  0 0  0 0  0 0  0 0  0 0  0 0  0 0  0 0  0 0
0 0  0 0  0 0  0 0  0 0  0 0  0 0  0 0  0 0  0 0  0 0  0 0  0 0  0 0

# South
0.05 0.15 0 0  0 0  0 0  0 0  0.85 0.95  0 0  0 0  0 0  0 0  0 0  0 0  0 0  0 0
0 0  0 0  0 0  0 0  0 0  0 0  0 0  0 0  0 0  0 0  0 0  0 0  0 0  0 0
0 0  0 0  0.05 0.15  0 0  0 0  0 0  0.85 0.95  0 0  0 0  0 0  0 0  0 0  0 0  0 0
0 0  0 0  0 0  0 0  0 0  0 0  0 0  0 0  0 0  0 0  0 0  0 0  0 0  0 0
0 0  0 0  0 0  0 0  0.05 0.15  0 0  0 0  0.85 0.95  0 0  0 0  0 0  0 0  0 0  0 0
0 0  0 0  0 0  0 0  0 0  0.05 0.15  0 0  0 0  0.85 0.95  0 0  0 0  0 0  0 0  0 0
0 0  0 0  0 0  0 0  0 0  0 0  0.05 0.15  0 0  0 0  0 0  0.85 0.95  0 0  0 0  0 0
0 0  0 0  0 0  0 0  0 0  0 0  0 0  0.05 0.15  0 0  0.85 0.95  0 0  0 0  0 0  0 0
0 0  0 0  0 0  0 0  0 0  0 0  0 0  0 0  0.05 0.15  0 0  0 0  0.85 0.95  0 0  0 0
0 0  0 0  0 0  0 0  0 0  0 0  0 0  0 0  0 0  0.05 0.15  0 0  0 0  0.85 0.95  0 0
0 0  0 0  0 0  0 0  0 0  0 0  0 0  0 0  0 0  0 0  0.05 0.15  0 0  0 0  0.85 0.95
0 0  0 0  0 0  0 0  0 0  0 0  0 0  0 0  0 0  0 0  0 0  0 0  0 0  0 0
0 0  0 0  0 0  0 0  0 0  0 0  0 0  0 0  0 0  0 0  0 0  0 0  0 0  0 0
0 0  0 0  0 0  0 0  0 0  0 0  0 0  0 0  0 0  0 0  0 0  0 0  0 0  0 0

# West 
0 0  0 0  0 0  0 0  0 0  0 0  0 0  0 0  0 0  0 0  0 0  0 0  0 0  0 0
0.85 0.95  0.05 0.15  0 0  0 0  0 0  0 0  0 0  0 0  0 0  0 0  0 0  0 0  0 0  0 0
0 0  0.85 0.95  0.05 0.15  0 0  0 0  0 0  0 0  0 0  0 0  0 0  0 0  0 0  0 0  0 0
0 0  0 0  0.85 0.95  0.05 0.15  0 0  0 0  0 0  0 0  0 0  0 0  0 0  0 0  0 0  0 0
0 0  0 0  0 0  0.85 0.95  0.05 0.15  0 0  0 0  0 0  0 0  0 0  0 0  0 0  0 0  0 0
0 0  0 0  0 0  0 0  0 0  0 0  0 0  0 0  0 0  0 0  0 0  0 0  0 0  0 0
0 0  0 0  0 0  0 0  0 0  0 0  0 0  0 0  0 0  0 0  0 0  0 0  0 0  0 0
0 0  0 0  0 0  0 0  0 0  0 0  0 0  0 0  0 0  0 0  0 0  0 0  0 0  0 0
0 0  0 0  0 0  0 0  0 0  0 0  0 0  0 0  0 0  0 0  0 0  0 0  0 0  0 0
0 0  0 0  0 0  0 0  0 0  0 0  0 0  0 0  0 0  0 0  0 0  0 0  0 0  0 0
0 0  0 0  0 0  0 0  0 0  0 0  0 0  0 0  0 0  0 0  0 0  0 0  0 0  0 0
0 0  0 0  0 0  0 0  0 0  0 0  0 0  0 0  0 0  0 0  0 0  0 0  0 0  0 0
0 0  0 0  0 0  0 0  0 0  0 0  0 0  0 0  0 0  0 0  0 0  0 0  0 0  0 0
0 0  0 0  0 0  0 0  0 0  0 0  0 0  0 0  0 0  0 0  0 0  0 0  0 0  0 0

# Nothing
0 0  0 0  0 0  0 0  0 0  0 0  0 0  0 0  0 0  0 0  0 0  0 0  0 0  0 0
0 0  0 0  0 0  0 0  0 0  0 0  0 0  0 0  0 0  0 0  0 0  0 0  0 0  0 0
0 0  0 0  0 0  0 0  0 0  0 0  0 0  0 0  0 0  0 0  0 0  0 0  0 0  0 0
0 0  0 0  0 0  0 0  0 0  0 0  0 0  0 0  0 0  0 0  0 0  0 0  0 0  0 0
0 0  0 0  0 0  0 0  0 0  0 0  0 0  0 0  0 0  0 0  0 0  0 0  0 0  0 0
0 0  0 0  0 0  0 0  0 0  0 0  0 0  0 0  0 0  0 0  0 0  0 0  0 0  0 0
0 0  0 0  0 0  0 0  0 0  0 0  0 0  0 0  0 0  0 0  0 0  0 0  0 0  0 0
0 0  0 0  0 0  0 0  0 0  0 0  0 0  0 0  0 0  0 0  0 0  0 0  0 0  0 0
0 0  0 0  0 0  0 0  0 0  0 0  0 0  0 0  0 0  0 0  0 0  0 0  0 0  0 0
0 0  0 0  0 0  0 0  0 0  0 0  0 0  0 0  0 0  0 0  0 0  0 0  0 0  0 0
0 0  0 0  0 0  0 0  0 0  0 0  0 0  0 0  0 0  0 0  0 0  0 0  0 0  0 0
0 0  0 0  0 0  0 0  0 0  0 0  0 0  0 0  0 0  0 0  0 0  0 0  0 0  0 0
0 0  0 0  0 0  0 0  0 0  0 0  0 0  0 0  0 0  0 0  0 0  0 0  0 0  0 0
0 0  0 0  0 0  0 0  0 0  0 0  0 0  0 0  0 0  0 0  0 0  0 0  0 0  1.0 1.0

# Initial belief
0 0  0 0  0 0  0 0  0 0  0 0  0 0  0 0  0.8 0.8  0.1 0.1  0.1 0.1  0 0  0 0  0 0

# Reward
0 0 0 0 0
0 0 0 0 0
0 0 0 0 0
0 0 0 0 0
0 0 0 0 0
0 0 0 0 0
0 0 0 0 0
0 0 0 0 0
0 0 0 0 0
0 0 0 0 0
0 0 0 0 0
0 0 0 0 0
0 0 0 0 0
0 0 0 0 1
