# States
LoN RoN MLoN MRoN LoL RoL MLoL MRoL LoR RoR MLoR MRoR LoML RoML MLoML MRoML LoMR RoMR MLoMR MRoMR

# Observations
Nothing TigerLeft TigerRight TigerMidLeft TigerMidRight

# Actions
Left Right MidLeft MidRight Listen

# Observations states list
Nothing LoN RoN MLoN MRoN
TigerLeft LoL RoL MLoL MRoL
TigerRight LoR RoR MLoR MRoR
TigerMidLeft LoML RoML MLoML MRoML
TigerMidRight LoMR RoMR MLoMR MRoMR

# Observation actions list
Nothing Left Right MidLeft MidRight Listen
TigerLeft Left Right MidLeft MidRight Listen
TigerRight Left Right MidLeft MidRight Listen
TigerMidLeft Left Right MidLeft MidRight Listen
TigerMidRight Left Right MidLeft MidRight Listen

# Transitions
# Left
0.25 0.25  0.25 0.25  0.25 0.25  0.25 0.25  0 0  0 0  0 0  0 0  0 0  0 0  0 0  0 0  0 0  0 0  0 0  0 0  0 0  0 0  0 0  0 0
0.25 0.25  0.25 0.25  0.25 0.25  0.25 0.25  0 0  0 0  0 0  0 0  0 0  0 0  0 0  0 0  0 0  0 0  0 0  0 0  0 0  0 0  0 0  0 0
0.25 0.25  0.25 0.25  0.25 0.25  0.25 0.25  0 0  0 0  0 0  0 0  0 0  0 0  0 0  0 0  0 0  0 0  0 0  0 0  0 0  0 0  0 0  0 0
0.25 0.25  0.25 0.25  0.25 0.25  0.25 0.25  0 0  0 0  0 0  0 0  0 0  0 0  0 0  0 0  0 0  0 0  0 0  0 0  0 0  0 0  0 0  0 0
0.25 0.25  0.25 0.25  0.25 0.25  0.25 0.25  0 0  0 0  0 0  0 0  0 0  0 0  0 0  0 0  0 0  0 0  0 0  0 0  0 0  0 0  0 0  0 0
0.25 0.25  0.25 0.25  0.25 0.25  0.25 0.25  0 0  0 0  0 0  0 0  0 0  0 0  0 0  0 0  0 0  0 0  0 0  0 0  0 0  0 0  0 0  0 0
0.25 0.25  0.25 0.25  0.25 0.25  0.25 0.25  0 0  0 0  0 0  0 0  0 0  0 0  0 0  0 0  0 0  0 0  0 0  0 0  0 0  0 0  0 0  0 0
0.25 0.25  0.25 0.25  0.25 0.25  0.25 0.25  0 0  0 0  0 0  0 0  0 0  0 0  0 0  0 0  0 0  0 0  0 0  0 0  0 0  0 0  0 0  0 0
0.25 0.25  0.25 0.25  0.25 0.25  0.25 0.25  0 0  0 0  0 0  0 0  0 0  0 0  0 0  0 0  0 0  0 0  0 0  0 0  0 0  0 0  0 0  0 0
0.25 0.25  0.25 0.25  0.25 0.25  0.25 0.25  0 0  0 0  0 0  0 0  0 0  0 0  0 0  0 0  0 0  0 0  0 0  0 0  0 0  0 0  0 0  0 0
0.25 0.25  0.25 0.25  0.25 0.25  0.25 0.25  0 0  0 0  0 0  0 0  0 0  0 0  0 0  0 0  0 0  0 0  0 0  0 0  0 0  0 0  0 0  0 0
0.25 0.25  0.25 0.25  0.25 0.25  0.25 0.25  0 0  0 0  0 0  0 0  0 0  0 0  0 0  0 0  0 0  0 0  0 0  0 0  0 0  0 0  0 0  0 0
0.25 0.25  0.25 0.25  0.25 0.25  0.25 0.25  0 0  0 0  0 0  0 0  0 0  0 0  0 0  0 0  0 0  0 0  0 0  0 0  0 0  0 0  0 0  0 0
0.25 0.25  0.25 0.25  0.25 0.25  0.25 0.25  0 0  0 0  0 0  0 0  0 0  0 0  0 0  0 0  0 0  0 0  0 0  0 0  0 0  0 0  0 0  0 0
0.25 0.25  0.25 0.25  0.25 0.25  0.25 0.25  0 0  0 0  0 0  0 0  0 0  0 0  0 0  0 0  0 0  0 0  0 0  0 0  0 0  0 0  0 0  0 0
0.25 0.25  0.25 0.25  0.25 0.25  0.25 0.25  0 0  0 0  0 0  0 0  0 0  0 0  0 0  0 0  0 0  0 0  0 0  0 0  0 0  0 0  0 0  0 0
0.25 0.25  0.25 0.25  0.25 0.25  0.25 0.25  0 0  0 0  0 0  0 0  0 0  0 0  0 0  0 0  0 0  0 0  0 0  0 0  0 0  0 0  0 0  0 0
0.25 0.25  0.25 0.25  0.25 0.25  0.25 0.25  0 0  0 0  0 0  0 0  0 0  0 0  0 0  0 0  0 0  0 0  0 0  0 0  0 0  0 0  0 0  0 0
0.25 0.25  0.25 0.25  0.25 0.25  0.25 0.25  0 0  0 0  0 0  0 0  0 0  0 0  0 0  0 0  0 0  0 0  0 0  0 0  0 0  0 0  0 0  0 0
0.25 0.25  0.25 0.25  0.25 0.25  0.25 0.25  0 0  0 0  0 0  0 0  0 0  0 0  0 0  0 0  0 0  0 0  0 0  0 0  0 0  0 0  0 0  0 0

# Right
0.25 0.25  0.25 0.25  0.25 0.25  0.25 0.25  0 0  0 0  0 0  0 0  0 0  0 0  0 0  0 0  0 0  0 0  0 0  0 0  0 0  0 0  0 0  0 0
0.25 0.25  0.25 0.25  0.25 0.25  0.25 0.25  0 0  0 0  0 0  0 0  0 0  0 0  0 0  0 0  0 0  0 0  0 0  0 0  0 0  0 0  0 0  0 0
0.25 0.25  0.25 0.25  0.25 0.25  0.25 0.25  0 0  0 0  0 0  0 0  0 0  0 0  0 0  0 0  0 0  0 0  0 0  0 0  0 0  0 0  0 0  0 0
0.25 0.25  0.25 0.25  0.25 0.25  0.25 0.25  0 0  0 0  0 0  0 0  0 0  0 0  0 0  0 0  0 0  0 0  0 0  0 0  0 0  0 0  0 0  0 0
0.25 0.25  0.25 0.25  0.25 0.25  0.25 0.25  0 0  0 0  0 0  0 0  0 0  0 0  0 0  0 0  0 0  0 0  0 0  0 0  0 0  0 0  0 0  0 0
0.25 0.25  0.25 0.25  0.25 0.25  0.25 0.25  0 0  0 0  0 0  0 0  0 0  0 0  0 0  0 0  0 0  0 0  0 0  0 0  0 0  0 0  0 0  0 0
0.25 0.25  0.25 0.25  0.25 0.25  0.25 0.25  0 0  0 0  0 0  0 0  0 0  0 0  0 0  0 0  0 0  0 0  0 0  0 0  0 0  0 0  0 0  0 0
0.25 0.25  0.25 0.25  0.25 0.25  0.25 0.25  0 0  0 0  0 0  0 0  0 0  0 0  0 0  0 0  0 0  0 0  0 0  0 0  0 0  0 0  0 0  0 0
0.25 0.25  0.25 0.25  0.25 0.25  0.25 0.25  0 0  0 0  0 0  0 0  0 0  0 0  0 0  0 0  0 0  0 0  0 0  0 0  0 0  0 0  0 0  0 0
0.25 0.25  0.25 0.25  0.25 0.25  0.25 0.25  0 0  0 0  0 0  0 0  0 0  0 0  0 0  0 0  0 0  0 0  0 0  0 0  0 0  0 0  0 0  0 0
0.25 0.25  0.25 0.25  0.25 0.25  0.25 0.25  0 0  0 0  0 0  0 0  0 0  0 0  0 0  0 0  0 0  0 0  0 0  0 0  0 0  0 0  0 0  0 0
0.25 0.25  0.25 0.25  0.25 0.25  0.25 0.25  0 0  0 0  0 0  0 0  0 0  0 0  0 0  0 0  0 0  0 0  0 0  0 0  0 0  0 0  0 0  0 0
0.25 0.25  0.25 0.25  0.25 0.25  0.25 0.25  0 0  0 0  0 0  0 0  0 0  0 0  0 0  0 0  0 0  0 0  0 0  0 0  0 0  0 0  0 0  0 0
0.25 0.25  0.25 0.25  0.25 0.25  0.25 0.25  0 0  0 0  0 0  0 0  0 0  0 0  0 0  0 0  0 0  0 0  0 0  0 0  0 0  0 0  0 0  0 0
0.25 0.25  0.25 0.25  0.25 0.25  0.25 0.25  0 0  0 0  0 0  0 0  0 0  0 0  0 0  0 0  0 0  0 0  0 0  0 0  0 0  0 0  0 0  0 0
0.25 0.25  0.25 0.25  0.25 0.25  0.25 0.25  0 0  0 0  0 0  0 0  0 0  0 0  0 0  0 0  0 0  0 0  0 0  0 0  0 0  0 0  0 0  0 0
0.25 0.25  0.25 0.25  0.25 0.25  0.25 0.25  0 0  0 0  0 0  0 0  0 0  0 0  0 0  0 0  0 0  0 0  0 0  0 0  0 0  0 0  0 0  0 0
0.25 0.25  0.25 0.25  0.25 0.25  0.25 0.25  0 0  0 0  0 0  0 0  0 0  0 0  0 0  0 0  0 0  0 0  0 0  0 0  0 0  0 0  0 0  0 0
0.25 0.25  0.25 0.25  0.25 0.25  0.25 0.25  0 0  0 0  0 0  0 0  0 0  0 0  0 0  0 0  0 0  0 0  0 0  0 0  0 0  0 0  0 0  0 0
0.25 0.25  0.25 0.25  0.25 0.25  0.25 0.25  0 0  0 0  0 0  0 0  0 0  0 0  0 0  0 0  0 0  0 0  0 0  0 0  0 0  0 0  0 0  0 0

# MidLeft
0.25 0.25  0.25 0.25  0.25 0.25  0.25 0.25  0 0  0 0  0 0  0 0  0 0  0 0  0 0  0 0  0 0  0 0  0 0  0 0  0 0  0 0  0 0  0 0
0.25 0.25  0.25 0.25  0.25 0.25  0.25 0.25  0 0  0 0  0 0  0 0  0 0  0 0  0 0  0 0  0 0  0 0  0 0  0 0  0 0  0 0  0 0  0 0
0.25 0.25  0.25 0.25  0.25 0.25  0.25 0.25  0 0  0 0  0 0  0 0  0 0  0 0  0 0  0 0  0 0  0 0  0 0  0 0  0 0  0 0  0 0  0 0
0.25 0.25  0.25 0.25  0.25 0.25  0.25 0.25  0 0  0 0  0 0  0 0  0 0  0 0  0 0  0 0  0 0  0 0  0 0  0 0  0 0  0 0  0 0  0 0
0.25 0.25  0.25 0.25  0.25 0.25  0.25 0.25  0 0  0 0  0 0  0 0  0 0  0 0  0 0  0 0  0 0  0 0  0 0  0 0  0 0  0 0  0 0  0 0
0.25 0.25  0.25 0.25  0.25 0.25  0.25 0.25  0 0  0 0  0 0  0 0  0 0  0 0  0 0  0 0  0 0  0 0  0 0  0 0  0 0  0 0  0 0  0 0
0.25 0.25  0.25 0.25  0.25 0.25  0.25 0.25  0 0  0 0  0 0  0 0  0 0  0 0  0 0  0 0  0 0  0 0  0 0  0 0  0 0  0 0  0 0  0 0
0.25 0.25  0.25 0.25  0.25 0.25  0.25 0.25  0 0  0 0  0 0  0 0  0 0  0 0  0 0  0 0  0 0  0 0  0 0  0 0  0 0  0 0  0 0  0 0
0.25 0.25  0.25 0.25  0.25 0.25  0.25 0.25  0 0  0 0  0 0  0 0  0 0  0 0  0 0  0 0  0 0  0 0  0 0  0 0  0 0  0 0  0 0  0 0
0.25 0.25  0.25 0.25  0.25 0.25  0.25 0.25  0 0  0 0  0 0  0 0  0 0  0 0  0 0  0 0  0 0  0 0  0 0  0 0  0 0  0 0  0 0  0 0
0.25 0.25  0.25 0.25  0.25 0.25  0.25 0.25  0 0  0 0  0 0  0 0  0 0  0 0  0 0  0 0  0 0  0 0  0 0  0 0  0 0  0 0  0 0  0 0
0.25 0.25  0.25 0.25  0.25 0.25  0.25 0.25  0 0  0 0  0 0  0 0  0 0  0 0  0 0  0 0  0 0  0 0  0 0  0 0  0 0  0 0  0 0  0 0
0.25 0.25  0.25 0.25  0.25 0.25  0.25 0.25  0 0  0 0  0 0  0 0  0 0  0 0  0 0  0 0  0 0  0 0  0 0  0 0  0 0  0 0  0 0  0 0
0.25 0.25  0.25 0.25  0.25 0.25  0.25 0.25  0 0  0 0  0 0  0 0  0 0  0 0  0 0  0 0  0 0  0 0  0 0  0 0  0 0  0 0  0 0  0 0
0.25 0.25  0.25 0.25  0.25 0.25  0.25 0.25  0 0  0 0  0 0  0 0  0 0  0 0  0 0  0 0  0 0  0 0  0 0  0 0  0 0  0 0  0 0  0 0
0.25 0.25  0.25 0.25  0.25 0.25  0.25 0.25  0 0  0 0  0 0  0 0  0 0  0 0  0 0  0 0  0 0  0 0  0 0  0 0  0 0  0 0  0 0  0 0
0.25 0.25  0.25 0.25  0.25 0.25  0.25 0.25  0 0  0 0  0 0  0 0  0 0  0 0  0 0  0 0  0 0  0 0  0 0  0 0  0 0  0 0  0 0  0 0
0.25 0.25  0.25 0.25  0.25 0.25  0.25 0.25  0 0  0 0  0 0  0 0  0 0  0 0  0 0  0 0  0 0  0 0  0 0  0 0  0 0  0 0  0 0  0 0
0.25 0.25  0.25 0.25  0.25 0.25  0.25 0.25  0 0  0 0  0 0  0 0  0 0  0 0  0 0  0 0  0 0  0 0  0 0  0 0  0 0  0 0  0 0  0 0
0.25 0.25  0.25 0.25  0.25 0.25  0.25 0.25  0 0  0 0  0 0  0 0  0 0  0 0  0 0  0 0  0 0  0 0  0 0  0 0  0 0  0 0  0 0  0 0

# MidRight
0.25 0.25  0.25 0.25  0.25 0.25  0.25 0.25  0 0  0 0  0 0  0 0  0 0  0 0  0 0  0 0  0 0  0 0  0 0  0 0  0 0  0 0  0 0  0 0
0.25 0.25  0.25 0.25  0.25 0.25  0.25 0.25  0 0  0 0  0 0  0 0  0 0  0 0  0 0  0 0  0 0  0 0  0 0  0 0  0 0  0 0  0 0  0 0
0.25 0.25  0.25 0.25  0.25 0.25  0.25 0.25  0 0  0 0  0 0  0 0  0 0  0 0  0 0  0 0  0 0  0 0  0 0  0 0  0 0  0 0  0 0  0 0
0.25 0.25  0.25 0.25  0.25 0.25  0.25 0.25  0 0  0 0  0 0  0 0  0 0  0 0  0 0  0 0  0 0  0 0  0 0  0 0  0 0  0 0  0 0  0 0
0.25 0.25  0.25 0.25  0.25 0.25  0.25 0.25  0 0  0 0  0 0  0 0  0 0  0 0  0 0  0 0  0 0  0 0  0 0  0 0  0 0  0 0  0 0  0 0
0.25 0.25  0.25 0.25  0.25 0.25  0.25 0.25  0 0  0 0  0 0  0 0  0 0  0 0  0 0  0 0  0 0  0 0  0 0  0 0  0 0  0 0  0 0  0 0
0.25 0.25  0.25 0.25  0.25 0.25  0.25 0.25  0 0  0 0  0 0  0 0  0 0  0 0  0 0  0 0  0 0  0 0  0 0  0 0  0 0  0 0  0 0  0 0
0.25 0.25  0.25 0.25  0.25 0.25  0.25 0.25  0 0  0 0  0 0  0 0  0 0  0 0  0 0  0 0  0 0  0 0  0 0  0 0  0 0  0 0  0 0  0 0
0.25 0.25  0.25 0.25  0.25 0.25  0.25 0.25  0 0  0 0  0 0  0 0  0 0  0 0  0 0  0 0  0 0  0 0  0 0  0 0  0 0  0 0  0 0  0 0
0.25 0.25  0.25 0.25  0.25 0.25  0.25 0.25  0 0  0 0  0 0  0 0  0 0  0 0  0 0  0 0  0 0  0 0  0 0  0 0  0 0  0 0  0 0  0 0
0.25 0.25  0.25 0.25  0.25 0.25  0.25 0.25  0 0  0 0  0 0  0 0  0 0  0 0  0 0  0 0  0 0  0 0  0 0  0 0  0 0  0 0  0 0  0 0
0.25 0.25  0.25 0.25  0.25 0.25  0.25 0.25  0 0  0 0  0 0  0 0  0 0  0 0  0 0  0 0  0 0  0 0  0 0  0 0  0 0  0 0  0 0  0 0
0.25 0.25  0.25 0.25  0.25 0.25  0.25 0.25  0 0  0 0  0 0  0 0  0 0  0 0  0 0  0 0  0 0  0 0  0 0  0 0  0 0  0 0  0 0  0 0
0.25 0.25  0.25 0.25  0.25 0.25  0.25 0.25  0 0  0 0  0 0  0 0  0 0  0 0  0 0  0 0  0 0  0 0  0 0  0 0  0 0  0 0  0 0  0 0
0.25 0.25  0.25 0.25  0.25 0.25  0.25 0.25  0 0  0 0  0 0  0 0  0 0  0 0  0 0  0 0  0 0  0 0  0 0  0 0  0 0  0 0  0 0  0 0
0.25 0.25  0.25 0.25  0.25 0.25  0.25 0.25  0 0  0 0  0 0  0 0  0 0  0 0  0 0  0 0  0 0  0 0  0 0  0 0  0 0  0 0  0 0  0 0
0.25 0.25  0.25 0.25  0.25 0.25  0.25 0.25  0 0  0 0  0 0  0 0  0 0  0 0  0 0  0 0  0 0  0 0  0 0  0 0  0 0  0 0  0 0  0 0
0.25 0.25  0.25 0.25  0.25 0.25  0.25 0.25  0 0  0 0  0 0  0 0  0 0  0 0  0 0  0 0  0 0  0 0  0 0  0 0  0 0  0 0  0 0  0 0
0.25 0.25  0.25 0.25  0.25 0.25  0.25 0.25  0 0  0 0  0 0  0 0  0 0  0 0  0 0  0 0  0 0  0 0  0 0  0 0  0 0  0 0  0 0  0 0
0.25 0.25  0.25 0.25  0.25 0.25  0.25 0.25  0 0  0 0  0 0  0 0  0 0  0 0  0 0  0 0  0 0  0 0  0 0  0 0  0 0  0 0  0 0  0 0

# Listen
0 0  0 0  0 0  0 0  0.7 0.8  0 0  0 0  0 0  0.05 0.15  0 0  0 0  0 0  0.05 0.15  0 0  0 0  0 0  0.05 0.15  0 0  0 0  0 0
0 0  0 0  0 0  0 0  0 0  0.05 0.15  0 0  0 0  0 0  0.7 0.8  0 0  0 0  0 0  0.05 0.15  0 0  0 0  0 0  0.05 0.15  0 0  0 0
0 0  0 0  0 0  0 0  0 0  0 0  0.05 0.15  0 0  0 0  0 0  0.05 0.15  0 0  0 0  0 0  0.7 0.8  0 0  0 0  0 0  0.05 0.15  0 0
0 0  0 0  0 0  0 0  0 0  0 0  0 0  0.05 0.15  0 0  0 0  0 0  0.05 0.15  0 0  0 0  0 0  0.05 0.15  0 0  0 0  0 0  0.7 0.8
0 0  0 0  0 0  0 0  0.7 0.8  0 0  0 0  0 0  0.05 0.15  0 0  0 0  0 0  0.05 0.15  0 0  0 0  0 0  0.05 0.15  0 0  0 0  0 0
0 0  0 0  0 0  0 0  0 0  0.05 0.15  0 0  0 0  0 0  0.7 0.8  0 0  0 0  0 0  0.05 0.15  0 0  0 0  0 0  0.05 0.15  0 0  0 0
0 0  0 0  0 0  0 0  0 0  0 0  0.05 0.15  0 0  0 0  0 0  0.05 0.15  0 0  0 0  0 0  0.7 0.8  0 0  0 0  0 0  0.05 0.15  0 0
0 0  0 0  0 0  0 0  0 0  0 0  0 0  0.05 0.15  0 0  0 0  0 0  0.05 0.15  0 0  0 0  0 0  0.05 0.15  0 0  0 0  0 0  0.7 0.8
0 0  0 0  0 0  0 0  0.7 0.8  0 0  0 0  0 0  0.05 0.15  0 0  0 0  0 0  0.05 0.15  0 0  0 0  0 0  0.05 0.15  0 0  0 0  0 0
0 0  0 0  0 0  0 0  0 0  0.05 0.15  0 0  0 0  0 0  0.7 0.8  0 0  0 0  0 0  0.05 0.15  0 0  0 0  0 0  0.05 0.15  0 0  0 0
0 0  0 0  0 0  0 0  0 0  0 0  0.05 0.15  0 0  0 0  0 0  0.05 0.15  0 0  0 0  0 0  0.7 0.8  0 0  0 0  0 0  0.05 0.15  0 0
0 0  0 0  0 0  0 0  0 0  0 0  0 0  0.05 0.15  0 0  0 0  0 0  0.05 0.15  0 0  0 0  0 0  0.05 0.15  0 0  0 0  0 0  0.7 0.8
0 0  0 0  0 0  0 0  0.7 0.8  0 0  0 0  0 0  0.05 0.15  0 0  0 0  0 0  0.05 0.15  0 0  0 0  0 0  0.05 0.15  0 0  0 0  0 0
0 0  0 0  0 0  0 0  0 0  0.05 0.15  0 0  0 0  0 0  0.7 0.8  0 0  0 0  0 0  0.05 0.15  0 0  0 0  0 0  0.05 0.15  0 0  0 0
0 0  0 0  0 0  0 0  0 0  0 0  0.05 0.15  0 0  0 0  0 0  0.05 0.15  0 0  0 0  0 0  0.7 0.8  0 0  0 0  0 0  0.05 0.15  0 0
0 0  0 0  0 0  0 0  0 0  0 0  0 0  0.05 0.15  0 0  0 0  0 0  0.05 0.15  0 0  0 0  0 0  0.05 0.15  0 0  0 0  0 0  0.7 0.8
0 0  0 0  0 0  0 0  0.7 0.8  0 0  0 0  0 0  0.05 0.15  0 0  0 0  0 0  0.05 0.15  0 0  0 0  0 0  0.05 0.15  0 0  0 0  0 0
0 0  0 0  0 0  0 0  0 0  0.05 0.15  0 0  0 0  0 0  0.7 0.8  0 0  0 0  0 0  0.05 0.15  0 0  0 0  0 0  0.05 0.15  0 0  0 0
0 0  0 0  0 0  0 0  0 0  0 0  0.05 0.15  0 0  0 0  0 0  0.05 0.15  0 0  0 0  0 0  0.7 0.8  0 0  0 0  0 0  0.05 0.15  0 0
0 0  0 0  0 0  0 0  0 0  0 0  0 0  0.05 0.15  0 0  0 0  0 0  0.05 0.15  0 0  0 0  0 0  0.05 0.15  0 0  0 0  0 0  0.7 0.8

# Initial belief
0.25 0.25  0.25 0.25  0.25 0.25  0.25 0.25  0 0  0 0  0 0  0 0  0 0  0 0  0 0  0 0  0 0  0 0  0 0  0 0  0 0  0 0  0 0  0 0

# Reward
-100 10 10 10 -1
10 -100 10 10 -1
10 10 -100 10 -1
10 10 10 -100 -1
-100 10 10 10 -1
10 -100 10 10 -1
10 10 -100 10 -1
10 10 10 -100 -1
-100 10 10 10 -1
10 -100 10 10 -1
10 10 -100 10 -1
10 10 10 -100 -1
-100 10 10 10 -1
10 -100 10 10 -1
10 10 -100 10 -1
10 10 10 -100 -1
-100 10 10 10 -1
10 -100 10 10 -1
10 10 -100 10 -1
10 10 10 -100 -1
